Position: 92200.109375 3582.854248 23418.195312
Orientation: 0.613540 0.581302 0.380021 -0.375820
Camera: 1150.969360 1150.969360 1920.000000 1440.000000 988.511353 692.803955
