%YAML:1.0
CameraExtrinsicMat: !!opencv-matrix
   rows: 4
   cols: 4
   dt: d
   data: [ -6.7413127756494884e-02, -7.9059743153815254e-02,
       9.9458786802300114e-01, 9.7366713415020467e-01,
       9.9470938445194246e-01, -8.2773983845225496e-02,
       6.0841664027438458e-02, 1.0705537120217135e-01,
       7.7515873789333334e-02, 9.9342741285452885e-01,
       8.4221521595332693e-02, -4.8138384495180309e-01, 0., 0., 0., 1. ]
CameraMat: !!opencv-matrix
   rows: 3
   cols: 3
   dt: d
   data: [ 1.0874663358470427e+03, 0., 9.6569192332251282e+02, 0.,
       1.0639636885131740e+03, 7.3424300909318515e+02, 0., 0., 1. ]
DistCoeff: !!opencv-matrix
   rows: 1
   cols: 5
   dt: d
   data: [ -1.2797147840673967e-01, -2.5605078133871095e-01,
       -8.9502318328221631e-03, -1.2977296912611356e-02,
       8.3457258279968671e-01 ]
ImageSize: [ 1920, 1440 ]
ReprojectionError: 6.6540162730970231e-01
